380.00	0.17918400466442
381.00	0.16267700493336
382.00	0.14118599891663
383.00	0.17590400576591
384.00	0.24790699779987
385.00	0.26537001132965
386.00	0.28721499443054
387.00	0.3827860057354
388.00	0.43424600362778
389.00	0.41296601295471
390.00	0.40870100259781
391.00	0.41416800022125
392.00	0.3553169965744
393.00	0.25341299176216
394.00	0.16484299302101
395.00	0.15352000296116
396.00	0.16096599400043
397.00	0.09579049795866
398.00	0.034158401191235
399.00	0.044097099453211
400.00	0.035904198884964
401.00	0.0081434799358249
402.00	0.00050125399138778
403.00	9.9999999392253E-9
404.00	9.9999999392253E-9
405.00	0.00030609199893661
406.00	9.9999999392253E-9
407.00	0.00020419899374247
408.00	9.9999999392253E-9
409.00	5.9531299484661E-5
410.00	9.9999999392253E-9
411.00	9.9999999392253E-9
412.00	9.9999999392253E-9
413.00	9.9999999392253E-9
414.00	9.9999999392253E-9
415.00	9.9999999392253E-9
416.00	0.00070217100437731
417.00	0.0036655799485743
418.00	0.022722100839019
419.00	0.10058899968863
420.00	0.1725369989872
421.00	0.13920900225639
422.00	0.051837101578712
423.00	0.016860900446773
424.00	0.014521599747241
425.00	0.042742598801851
426.00	0.10779500007629
427.00	0.12913000583649
428.00	0.072391197085381
429.00	0.033886700868607
430.00	0.059560999274254
431.00	0.13373899459839
432.00	0.18966299295425
433.00	0.14058899879456
434.00	0.079167097806931
435.00	0.078610196709633
436.00	0.12805800139904
437.00	0.19791600108147
438.00	0.21170699596405
439.00	0.17772899568081
440.00	0.21152099967003
441.00	0.30639800429344
442.00	0.28707298636436
443.00	0.18798099458218
444.00	0.13974000513554
445.00	0.17156900465488
446.00	0.17295800149441
447.00	0.10270699858665
448.00	0.038028798997402
449.00	0.02097550034523
450.00	0.021465100347996
451.00	0.03010750003159
452.00	0.03315519914031
453.00	0.024506900459528
454.00	0.0118357995525
455.00	0.0062440200708807
456.00	0.0053491201251745
457.00	0.0069602797739208
458.00	0.008955430239439
459.00	0.0085380095988512
460.00	0.0052461097948253
461.00	0.0028528799302876
462.00	0.0018560900352895
463.00	0.0017607100307941
464.00	0.0022060601040721
465.00	0.0028552699368447
466.00	0.0030715800821781
467.00	0.0026536099612713
468.00	0.0016834399430081
469.00	0.00102056004107
470.00	0.00074744300218299
471.00	0.0009221900254488
472.00	0.0010964899556711
473.00	0.001346779987216
474.00	0.0013572199968621
475.00	0.0012269499711692
476.00	0.0010158499935642
477.00	0.00076707097468898
478.00	0.00042332900920883
479.00	0.00057056901277974
480.00	0.00072601099964231
481.00	0.00080209702719003
482.00	0.00091728800907731
483.00	0.00095744500868022
484.00	0.00077240698738024
485.00	0.00054383202223107
486.00	0.00057889299932867
487.00	0.00051506899762899
488.00	0.00055196497123688
489.00	0.00054725701920688
490.00	0.00059085601242259
491.00	0.00083310302579775
492.00	0.00076895300298929
493.00	0.00079725601244718
494.00	0.00061066501075402
495.00	0.00056358601432294
496.00	0.00054388801800087
497.00	0.00059203698765486
498.00	0.00073494098614901
499.00	0.0007820280152373
500.00	0.00087494699982926
501.00	0.00093633600044996
502.00	0.00081322301412001
503.00	0.00068021798506379
504.00	0.00066177098779008
505.00	0.00067814800422639
506.00	0.00083548499969766
507.00	0.0010986799607053
508.00	0.0012920700246468
509.00	0.0011862199753523
510.00	0.001069650053978
511.00	0.00093051802832633
512.00	0.00078320800093934
513.00	0.00074144697282463
514.00	0.00069155002711341
515.00	0.00095207401318476
516.00	0.0012099499581382
517.00	0.0015755200292915
518.00	0.0020290398970246
519.00	0.0023251799866557
520.00	0.0020852999296039
521.00	0.0017323700012639
522.00	0.0014508699532598
523.00	0.0012571399565786
524.00	0.0012108399532735
525.00	0.0012496300041676
526.00	0.0015815600054339
527.00	0.0021520100999624
528.00	0.0031104700174183
529.00	0.0043708197772503
530.00	0.0052866297774017
531.00	0.0054807402193546
532.00	0.0049558100290596
533.00	0.0041103698313236
534.00	0.0034050398971885
535.00	0.0031347400508821
536.00	0.003241450060159
537.00	0.003856279887259
538.00	0.0053865402005613
539.00	0.0084979003295302
540.00	0.014240600168705
541.00	0.020076600834727
542.00	0.021069699898362
543.00	0.015883900225163
544.00	0.0096355201676488
545.00	0.005786620080471
546.00	0.0041775801219046
547.00	0.0034638799261302
548.00	0.0033169800881296
549.00	0.0037223598919809
550.00	0.0048220800235868
551.00	0.0074362400919199
552.00	0.013154099695385
553.00	0.022978499531746
554.00	0.032393101602793
555.00	0.029523700475693
556.00	0.017734799534082
557.00	0.0093564502894878
558.00	0.0058060800656676
559.00	0.004241659771651
560.00	0.0036694100126624
561.00	0.0037816299591213
562.00	0.0045217201113701
563.00	0.0059342999011278
564.00	0.010060999542475
565.00	0.019891999661922
566.00	0.033451098948717
567.00	0.036978200078011
568.00	0.025655100122094
569.00	0.012326899915934
570.00	0.0057358099147677
571.00	0.0033166699577123
572.00	0.002276600105688
573.00	0.001781290047802
574.00	0.0015102099860087
575.00	0.0013756999978796
576.00	0.0013202100526541
577.00	0.001220709993504
578.00	0.0012446499895304
579.00	0.0013502599904314
580.00	0.0015222099609673
581.00	0.0016253700014204
582.00	0.0018071800004691
583.00	0.0021355398930609
584.00	0.0023310999386013
585.00	0.0026147998869419
586.00	0.0030975099653006
587.00	0.0034725898876786
588.00	0.0039889002218843
589.00	0.004598539788276
590.00	0.0056014698930085
591.00	0.0064519201405346
592.00	0.0075261499732733
593.00	0.0095755103975534
594.00	0.012045900337398
595.00	0.016083499416709
596.00	0.021854499354959
597.00	0.031138099730015
598.00	0.046187799423933
599.00	0.07124649733305
600.00	0.11232399940491
601.00	0.1803739964962
602.00	0.27975198626518
603.00	0.37411400675774
604.00	0.46221798658371
605.00	0.54414600133896
606.00	0.65565299987793
607.00	0.79912000894547
608.00	0.90723901987076
609.00	0.94480800628662
610.00	0.9520919919014
611.00	0.95866101980209
612.00	0.96579998731613
613.00	0.97046500444412
614.00	0.97278600931168
615.00	0.97420299053192
616.00	0.97564798593521
617.00	0.97616600990295
618.00	0.97607499361038
619.00	0.97547602653503
620.00	0.97485601902008
621.00	0.9732049703598
622.00	0.9750069975853
623.00	0.97600698471069
624.00	0.97684001922607
625.00	0.97696900367737
626.00	0.97572201490402
627.00	0.97428297996521
628.00	0.97228300571442
629.00	0.97156697511673
630.00	0.97197997570038
631.00	0.97273898124695
632.00	0.97378200292587
633.00	0.97527301311493
634.00	0.97730898857117
635.00	0.97792500257492
636.00	0.97787100076675
637.00	0.9775909781456
638.00	0.9743350148201
639.00	0.972491979599
640.00	0.97118401527405
641.00	0.97177797555923
642.00	0.97342497110367
643.00	0.97568398714066
644.00	0.97723001241684
645.00	0.97911298274994
646.00	0.98056101799011
647.00	0.98123198747635
648.00	0.98007798194885
649.00	0.97827798128128
650.00	0.97599899768829
651.00	0.97462201118469
652.00	0.97346699237823
653.00	0.97370797395706
654.00	0.97510498762131
655.00	0.97497302293777
656.00	0.97667098045349
657.00	0.97900700569153
658.00	0.98057001829147
659.00	0.9821680188179
660.00	0.9821429848671
661.00	0.9826779961586
662.00	0.98241502046585
663.00	0.9816859960556
664.00	0.98137497901917
665.00	0.9801669716835
666.00	0.98020601272583
667.00	0.97934299707413
668.00	0.97929698228836
669.00	0.97980999946594
670.00	0.98002600669861
671.00	0.98022902011871
672.00	0.97967898845673
673.00	0.97936600446701
674.00	0.97926700115204
675.00	0.97869098186493
676.00	0.97884297370911
677.00	0.97978699207306
678.00	0.98089700937271
679.00	0.98225599527359
680.00	0.98333501815796
681.00	0.98421001434326
682.00	0.98594099283218
683.00	0.98626500368118
684.00	0.98648899793625
685.00	0.98607301712036
686.00	0.98525601625443
687.00	0.98488199710846
688.00	0.98410302400589
689.00	0.98356002569199
690.00	0.98261600732803
691.00	0.98353499174118
692.00	0.98313498497009
693.00	0.98486697673798
694.00	0.98549199104309
695.00	0.98804998397827
696.00	0.98759001493454
697.00	0.98834598064423
698.00	0.98906397819519
699.00	0.98832297325134
700.00	0.98804801702499
701.00	0.98725801706314
702.00	0.98679602146149
703.00	0.98509401082993
704.00	0.98412001132965
705.00	0.98338001966476
706.00	0.98183101415634
707.00	0.98159301280975
708.00	0.98104697465897
709.00	0.9818189740181
710.00	0.98277997970581
711.00	0.98470598459244
712.00	0.98685497045517
713.00	0.98852300643921
714.00	0.98897498846054
715.00	0.98919600248337
716.00	0.98866099119186
717.00	0.98802697658539
718.00	0.98632997274399
719.00	0.98377698659897
720.00	0.98336201906204
721.00	0.98348498344421
722.00	0.98214000463486
723.00	0.98097097873688
724.00	0.98363602161407
725.00	0.9849299788475
726.00	0.98287099599838
727.00	0.98332399129868
728.00	0.98401099443436
729.00	0.98298799991608
730.00	0.98313802480698
731.00	0.98325097560883
732.00	0.98284500837326
733.00	0.98363399505615
734.00	0.98392099142075
735.00	0.98184901475906
736.00	0.98246401548386
737.00	0.98310101032257
738.00	0.98303300142288
739.00	0.98334699869156
740.00	0.98572897911072
741.00	0.98582798242569
742.00	0.98659998178482
743.00	0.98626899719238
744.00	0.98748898506165
745.00	0.98836100101471
746.00	0.98959201574326
747.00	0.99043297767639
748.00	0.98707902431488
749.00	0.98598498106003
750.00	0.98379498720169
751.00	0.98392897844315
752.00	0.98442500829697
753.00	0.98382198810577
754.00	0.98134899139404
755.00	0.98058998584747
756.00	0.982293009758
757.00	0.98288798332214
758.00	0.98168700933456
759.00	0.98343402147293
760.00	0.98515897989273
761.00	0.98634797334671
762.00	0.9854279756546
763.00	0.98584198951721
764.00	0.98630899190903
765.00	0.9864199757576
766.00	0.9867690205574
767.00	0.98656702041626
768.00	0.98593002557755
769.00	0.98601597547531
770.00	0.98746001720428
771.00	0.98654001951218
772.00	0.98628801107407
773.00	0.98531401157379
774.00	0.98529797792435
775.00	0.98517197370529
776.00	0.98605698347092
777.00	0.98603701591492
778.00	0.98571401834488
779.00	0.98664599657059
780.00	0.98578202724457
781.00	0.98753100633621
782.00	0.98683702945709
783.00	0.98539698123932
784.00	0.98779398202896
785.00	0.98804199695587
786.00	0.98617100715637
787.00	0.98578399419785
788.00	0.98654997348785
789.00	0.98723900318146
790.00	0.98497200012207
791.00	0.98512697219849
792.00	0.98556900024414
793.00	0.98732000589371
794.00	0.98724001646042
795.00	0.98711997270584
796.00	0.98804599046707
797.00	0.98826897144318
798.00	0.98623299598694
799.00	0.98663800954819
800.00	0.98660200834274
801.00	0.98623299598694
802.00	0.98563498258591
803.00	0.9857559800148
804.00	0.98468297719955
805.00	0.9845449924469
806.00	0.98379999399185
807.00	0.98374301195145
808.00	0.98399901390076
809.00	0.9849020242691
810.00	0.98525899648666
811.00	0.98586702346802
812.00	0.98608201742172
813.00	0.98612898588181
814.00	0.98652398586273
815.00	0.98646700382233
816.00	0.98728001117706
817.00	0.98715400695801
818.00	0.98746997117996
819.00	0.98692202568054
820.00	0.98764401674271
821.00	0.9876030087471
822.00	0.98747700452805
823.00	0.98734998703003
824.00	0.9872459769249
825.00	0.98739099502563
826.00	0.98621201515198
827.00	0.98596698045731
828.00	0.98596698045731
829.00	0.98627197742462
830.00	0.98511201143265
831.00	0.98396402597427
832.00	0.98276501893997
833.00	0.98203498125076
834.00	0.98162198066711
835.00	0.98235702514648
836.00	0.98313099145889
837.00	0.98266500234604
838.00	0.98156601190567
839.00	0.98120301961899
840.00	0.98057198524475
841.00	0.98120898008347
842.00	0.98177397251129
843.00	0.98265999555588
844.00	0.98280298709869
845.00	0.98483300209045
846.00	0.98533701896667
847.00	0.98490101099014
848.00	0.98410701751709
849.00	0.98502200841904
850.00	0.98498302698135
851.00	0.98549497127533
852.00	0.98620802164078
853.00	0.98638701438904
854.00	0.98569297790527
855.00	0.98521101474762
856.00	0.98406600952148
857.00	0.98381799459457
858.00	0.98308199644089
859.00	0.98340702056885
860.00	0.98192799091339
861.00	0.98023200035095
862.00	0.97941201925278
863.00	0.97820401191711
864.00	0.9779360294342
865.00	0.97735399007797
866.00	0.97688901424408
867.00	0.97526198625565
868.00	0.97513002157211
869.00	0.97562700510025
870.00	0.97546398639679
871.00	0.97554302215576
872.00	0.97538602352142
873.00	0.9751769900322
874.00	0.97547799348831
875.00	0.97492802143097
876.00	0.97386199235916
877.00	0.97437500953674
878.00	0.9736539721489
879.00	0.97524601221085
880.00	0.97690600156784
881.00	0.97638297080994
882.00	0.97771102190018
883.00	0.97761499881744
884.00	0.97766798734665
885.00	0.97698402404785
886.00	0.97713601589203
887.00	0.97664499282837
888.00	0.97526401281357
889.00	0.97611898183823
890.00	0.97683697938919
891.00	0.97745400667191
892.00	0.9766960144043
893.00	0.97572600841522
894.00	0.97539001703262
895.00	0.97548198699951
896.00	0.97589999437332
897.00	0.97677999734879
898.00	0.97703099250793
899.00	0.9778019785881
900.00	0.9770849943161
901.00	0.97645998001099
902.00	0.97698199748993
903.00	0.97595602273941
904.00	0.97168701887131
905.00	0.97187799215317
906.00	0.97033399343491
907.00	0.96786600351334
908.00	0.96573901176453
909.00	0.96287697553635
910.00	0.96145302057266
911.00	0.95747298002243
912.00	0.95471298694611
913.00	0.95232498645782
914.00	0.95043098926544
915.00	0.94848400354385
916.00	0.94815301895142
917.00	0.94833201169968
918.00	0.94895100593567
919.00	0.95005297660828
920.00	0.95164197683334
921.00	0.9532830119133
922.00	0.95590597391129
923.00	0.95899498462677
924.00	0.96055001020432
925.00	0.96104502677917
926.00	0.95976799726486
927.00	0.95674097537994
928.00	0.9512699842453
929.00	0.94201797246933
930.00	0.92947298288345
931.00	0.91281002759933
932.00	0.89317798614502
933.00	0.86896097660065
934.00	0.84205597639084
935.00	0.8135529756546
936.00	0.7868549823761
937.00	0.75742900371552
938.00	0.73141002655029
939.00	0.70833498239517
940.00	0.68564599752426
941.00	0.66572701931
942.00	0.64941197633743
943.00	0.63626700639725
944.00	0.62669998407364
945.00	0.62018197774887
946.00	0.61523497104645
947.00	0.61533099412918
948.00	0.61815398931503
949.00	0.62292701005936
950.00	0.63048100471497
951.00	0.64049398899078
952.00	0.65181297063828
953.00	0.66688197851181
954.00	0.68591898679733
955.00	0.70884501934052
956.00	0.73463398218155
957.00	0.75943899154663
958.00	0.7750089764595
959.00	0.7676830291748
960.00	0.72903400659561
961.00	0.66599202156067
962.00	0.58879101276398
963.00	0.51230400800705
964.00	0.44357898831367
965.00	0.38745900988579
966.00	0.34460699558258
967.00	0.30856901407242
968.00	0.2824139893055
969.00	0.26201999187469
970.00	0.24585300683975
971.00	0.23395599424839
972.00	0.22568200528622
973.00	0.22065700590611
974.00	0.21888600289822
975.00	0.22287400066853
976.00	0.2336719930172
977.00	0.25933900475502
978.00	0.30670401453972
979.00	0.37448799610138
980.00	0.42789098620415
981.00	0.43727600574493
982.00	0.40096798539162
983.00	0.35678300261497
984.00	0.33771100640297
985.00	0.34847500920296
986.00	0.37283700704575
987.00	0.40269899368286
988.00	0.42877200245857
989.00	0.4424310028553
990.00	0.43933099508286
991.00	0.41926300525665
992.00	0.38076999783516
993.00	0.33504599332809
994.00	0.28455600142479
995.00	0.23913100361824
996.00	0.19858099520206
997.00	0.1662389934063
998.00	0.13894900679588
999.00	0.11861599981785
1000.00	0.10179699957371
